3.002096 3.000000
2.987089 3.000000
3.030535 3.000000
2.996416 3.000000
3.017401 3.000000
3.022739 3.000000
2.979555 3.000000
3.016954 3.000000
3.010339 3.000000
2.957803 3.000000
3.000581 3.000000
3.035895 3.000000
3.009730 3.000000
3.006255 3.000000
2.998947 3.000000
3.004610 3.000000
3.002295 3.000000
2.992191 3.000000
3.019010 3.000000
3.015003 3.000000
3.016825 3.000000
2.982329 3.000000
2.976197 3.000000
3.023062 3.000000
2.998603 3.000000
3.066222 3.000000
3.022784 3.000000
3.000802 3.000000
2.975299 3.000000
3.009013 3.000000
2.947621 3.000000
2.971750 3.000000
2.989523 3.000000
2.907359 3.000000
2.965485 3.000000
2.981193 3.000000
2.944081 3.000000
2.966214 3.000000
2.998693 3.000000
2.993903 3.000000
2.985350 3.000000
3.029653 3.000000
3.027524 3.000000
3.043043 3.000000
2.975214 3.000000
2.999222 3.000000
2.964425 3.000000
2.964928 3.000000
2.964004 3.000000
3.043073 3.000000
2.926815 3.000000
2.978044 3.000000
3.067137 3.000000
3.005612 3.000000
3.041971 3.000000
3.048105 3.000000
3.102648 3.000000
3.032188 3.000000
2.997712 3.000000
2.925278 3.000000
3.002170 3.000000
3.020662 3.000000
2.953672 3.000000
3.003722 3.000000
3.059509 3.000000
3.021428 3.000000
3.010502 3.000000
2.995398 3.000000
2.999374 3.000000
2.961902 3.000000
2.999223 3.000000
2.992304 3.000000
2.986592 3.000000
3.007734 3.000000
2.984365 3.000000
3.043144 3.000000
3.011441 3.000000
2.974851 3.000000
2.986843 3.000000
3.011875 3.000000
2.972365 3.000000
3.085763 3.000000
2.946813 3.000000
3.058927 3.000000
2.997712 3.000000
2.942833 3.000000
3.012331 3.000000
2.998174 3.000000
3.012538 3.000000
2.993322 3.000000
3.059712 3.000000
3.050550 3.000000
3.037671 3.000000
2.964360 3.000000
2.962274 3.000000
3.025947 3.000000
2.974836 3.000000
2.989142 3.000000
3.066309 3.000000
3.000633 3.000000
2.985560 3.000000
2.985067 3.000000
3.015108 3.000000
2.997120 3.000000
2.964667 3.000000
2.953304 3.000000
3.003954 3.000000
3.011521 3.000000
2.996369 3.000000
3.011388 3.000000
3.028175 3.000000
3.007200 3.000000
3.026289 3.000000
3.032553 3.000000
2.952628 3.000000
3.042492 3.000000
3.036924 3.000000
3.039013 3.000000
2.986608 3.000000
3.002063 3.000000
2.950556 3.000000
2.987695 3.000000
2.954543 3.000000
3.028179 3.000000
3.005465 3.000000
3.028563 3.000000
3.052763 3.000000
3.001539 3.000000
2.950515 3.000000
2.964595 3.000000
2.995277 3.000000
3.030944 3.000000
3.014526 3.000000
2.967865 3.000000
3.005293 3.000000
3.009659 3.000000
2.958113 3.000000
2.973853 3.000000
3.006028 3.000000
2.982898 3.000000
2.975175 3.000000
3.044900 3.000000
3.017808 3.000000
3.037720 3.000000
3.031224 3.000000
2.961182 3.000000
3.037020 3.000000
3.000284 3.000000
3.010851 3.000000
3.037070 3.000000
3.046165 3.000000
2.978939 3.000000
2.986759 3.000000
3.010863 3.000000
2.982524 3.000000
2.976650 3.000000
2.991323 3.000000
3.058704 3.000000
2.994697 3.000000
2.995960 3.000000
3.073989 3.000000
3.005365 3.000000
3.028875 3.000000
2.964927 3.000000
2.993044 3.000000
3.027052 3.000000
2.990174 3.000000
3.033218 3.000000
3.012496 3.000000
3.004507 3.000000
3.009474 3.000000
3.031614 3.000000
2.992926 3.000000
3.022165 3.000000
2.957401 3.000000
2.980508 3.000000
2.972619 3.000000
3.065206 3.000000
3.020697 3.000000
2.992191 3.000000
2.997337 3.000000
3.046993 3.000000
3.030454 3.000000
2.989074 3.000000
3.011148 3.000000
3.017978 3.000000
2.934621 3.000000
3.000921 3.000000
3.023566 3.000000
3.041872 3.000000
2.997058 3.000000
3.031468 3.000000
2.977505 3.000000
3.017552 3.000000
3.006631 3.000000
3.003949 3.000000
3.010847 3.000000
2.990488 3.000000
3.063583 3.000000
2.991226 3.000000
3.038043 3.000000
3.005246 3.000000
3.020288 3.000000
2.978081 3.000000
2.967408 3.000000
3.070672 3.000000
3.001931 3.000000
3.025268 3.000000
3.029079 3.000000
3.010315 3.000000
3.032915 3.000000
2.996357 3.000000
3.020158 3.000000
2.999271 3.000000
3.037844 3.000000
2.998881 3.000000
2.968047 3.000000
2.997651 3.000000
3.034825 3.000000
2.945412 3.000000
3.025570 3.000000
2.975389 3.000000
3.028773 3.000000
3.022592 3.000000
2.982605 3.000000
2.979948 3.000000
2.954596 3.000000
2.990579 3.000000
2.979816 3.000000
3.073540 3.000000
3.049163 3.000000
3.013707 3.000000
3.019029 3.000000
2.995192 3.000000
3.010607 3.000000
2.987279 3.000000
3.012353 3.000000
2.992127 3.000000
2.996293 3.000000
3.017321 3.000000
3.032818 3.000000
2.986300 3.000000
2.998853 3.000000
2.956178 3.000000
3.015603 3.000000
3.060569 3.000000
3.033077 3.000000
3.044520 3.000000
2.974218 3.000000
2.987520 3.000000
3.015334 3.000000
3.015776 3.000000
2.984748 3.000000
3.025915 3.000000
3.032833 3.000000
3.007522 3.000000
3.010727 3.000000
2.966630 3.000000
2.958438 3.000000
2.986744 3.000000
2.983928 3.000000
2.979679 3.000000
2.989130 3.000000
3.029848 3.000000
2.981268 3.000000
2.992752 3.000000
3.021255 3.000000
3.002487 3.000000
3.018390 3.000000
3.043775 3.000000
2.957915 3.000000
3.032762 3.000000
3.036809 3.000000
3.009104 3.000000
3.008030 3.000000
2.985957 3.000000
3.041196 3.000000
2.946996 3.000000
3.013262 3.000000
3.014842 3.000000
2.990488 3.000000
2.955884 3.000000
3.007014 3.000000
3.054462 3.000000
3.023892 3.000000
3.065778 3.000000
2.995264 3.000000
2.987713 3.000000
3.021381 3.000000
2.998706 3.000000
2.951344 3.000000
3.014522 3.000000
2.955780 3.000000
3.017332 3.000000
3.010822 3.000000
3.025584 3.000000
3.027635 3.000000
2.942564 3.000000
2.933037 3.000000
3.054857 3.000000
2.957641 3.000000
3.019602 3.000000
3.043814 3.000000
3.007344 3.000000
2.995422 3.000000
3.033885 3.000000
3.007703 3.000000
2.975650 3.000000
3.016808 3.000000
2.973278 3.000000
2.996230 3.000000
3.014491 3.000000
3.044007 3.000000
3.003264 3.000000
3.002302 3.000000
2.983007 3.000000
2.980044 3.000000
3.070450 3.000000
2.997442 3.000000
2.972255 3.000000
3.019841 3.000000
2.994957 3.000000
3.025287 3.000000
3.025806 3.000000
2.995838 3.000000
2.994214 3.000000
2.940593 3.000000
3.024472 3.000000
3.021449 3.000000
3.024994 3.000000
2.953946 3.000000
3.031560 3.000000
3.016578 3.000000
3.020485 3.000000
2.985956 3.000000
2.956505 3.000000
3.041660 3.000000
3.036845 3.000000
3.034150 3.000000
2.969213 3.000000
2.943031 3.000000
2.947078 3.000000
2.994285 3.000000
2.985145 3.000000
2.957745 3.000000
3.053564 3.000000
2.969094 3.000000
3.012236 3.000000
3.052889 3.000000
3.024052 3.000000
3.011677 3.000000
2.993930 3.000000
3.012351 3.000000
3.015577 3.000000
3.014148 3.000000
3.021964 3.000000
3.021196 3.000000
3.022486 3.000000
3.042836 3.000000
2.983079 3.000000
3.016970 3.000000
2.985959 3.000000
2.931269 3.000000
2.976569 3.000000
3.029792 3.000000
2.995453 3.000000
2.981593 3.000000
3.018944 3.000000
2.998900 3.000000
2.928699 3.000000
3.018224 3.000000
2.977780 3.000000
3.001863 3.000000
2.964625 3.000000
3.012806 3.000000
2.977873 3.000000
2.995092 3.000000
2.977918 3.000000
2.970409 3.000000
2.938663 3.000000
2.998375 3.000000
2.975324 3.000000
3.003968 3.000000
2.994527 3.000000
2.979541 3.000000
2.994360 3.000000
3.036066 3.000000
3.026054 3.000000
2.964269 3.000000
2.942134 3.000000
2.980260 3.000000
3.022809 3.000000
2.994226 3.000000
3.000324 3.000000
2.990432 3.000000
3.021152 3.000000
3.036389 3.000000
3.013954 3.000000
3.050638 3.000000
2.977547 3.000000
3.009096 3.000000
2.968950 3.000000
3.001256 3.000000
2.980222 3.000000
2.980038 3.000000
2.972598 3.000000
3.035035 3.000000
3.040430 3.000000
2.979013 3.000000
3.006839 3.000000
2.995018 3.000000
2.983501 3.000000
3.100922 3.000000
3.002881 3.000000
2.983130 3.000000
2.988506 3.000000
3.009214 3.000000
2.982688 3.000000
2.977789 3.000000
2.980412 3.000000
2.964144 3.000000
2.948900 3.000000
2.997138 3.000000
3.036198 3.000000
2.979794 3.000000
3.054416 3.000000
3.000806 3.000000
3.021973 3.000000
3.029585 3.000000
3.011945 3.000000
3.042557 3.000000
2.997452 3.000000
3.060097 3.000000
3.014371 3.000000
2.973150 3.000000
2.971379 3.000000
2.975808 3.000000
2.993203 3.000000
2.968730 3.000000
3.023536 3.000000
2.990075 3.000000
3.042887 3.000000
3.026555 3.000000
2.976000 3.000000
3.038110 3.000000
2.973886 3.000000
2.977689 3.000000
3.028426 3.000000
3.039693 3.000000
2.984701 3.000000
2.943674 3.000000
3.012378 3.000000
2.986121 3.000000
3.025492 3.000000
2.961753 3.000000
2.982328 3.000000
2.980398 3.000000
2.997281 3.000000
2.996479 3.000000
2.983951 3.000000
3.013510 3.000000
3.023688 3.000000
3.041252 3.000000
2.966492 3.000000
3.004459 3.000000
3.008459 3.000000
2.929350 3.000000
2.957703 3.000000
3.001036 3.000000
3.025978 3.000000
3.024322 3.000000
3.002891 3.000000
3.035078 3.000000
2.991266 3.000000
3.049022 3.000000
3.026499 3.000000
3.011649 3.000000
3.011794 3.000000
3.001768 3.000000
3.032396 3.000000
2.982140 3.000000
2.998446 3.000000
3.040998 3.000000
2.954708 3.000000
3.037645 3.000000
2.977604 3.000000
2.971700 3.000000
2.982597 3.000000
2.965083 3.000000
3.007487 3.000000
3.027086 3.000000
3.043734 3.000000
3.033603 3.000000
2.998258 3.000000
2.972416 3.000000
2.935131 3.000000
2.992987 3.000000
3.058148 3.000000
3.023480 3.000000
2.992343 3.000000
3.071830 3.000000
2.945163 3.000000
2.985343 3.000000
2.997904 3.000000
2.978585 3.000000
3.033141 3.000000
2.970951 3.000000
2.964671 3.000000
2.972918 3.000000
3.028871 3.000000
2.999737 3.000000
2.997714 3.000000
3.059886 3.000000
3.012637 3.000000
2.991163 3.000000
2.985711 3.000000
3.067426 3.000000
3.044119 3.000000
3.050008 3.000000
2.967933 3.000000
2.963524 3.000000
3.024149 3.000000
2.969953 3.000000
2.985099 3.000000
2.978054 3.000000
2.984615 3.000000
3.023192 3.000000
2.982776 3.000000
3.007665 3.000000
2.992747 3.000000
2.984713 3.000000
3.006993 3.000000
3.016419 3.000000
2.996681 3.000000
2.972558 3.000000
3.013275 3.000000
3.027778 3.000000
3.046521 3.000000
3.022520 3.000000
2.978898 3.000000
2.991772 3.000000
2.974856 3.000000
3.026794 3.000000
3.002683 3.000000
3.005794 3.000000
3.009222 3.000000
3.031119 3.000000
3.033231 3.000000
3.007120 3.000000
2.940098 3.000000
3.004169 3.000000
3.019734 3.000000
2.984781 3.000000
3.001369 3.000000
3.039362 3.000000
2.974981 3.000000
2.951199 3.000000
3.007113 3.000000
2.988431 3.000000
2.957910 3.000000
2.990522 3.000000
2.963554 3.000000
3.075861 3.000000
2.941338 3.000000
3.002135 3.000000
3.021721 3.000000
3.000129 3.000000
2.962249 3.000000
3.024563 3.000000
2.971942 3.000000
2.989417 3.000000
2.987242 3.000000
3.040966 3.000000
3.012796 3.000000
3.019380 3.000000
3.024649 3.000000
3.060274 3.000000
3.025835 3.000000
3.021340 3.000000
3.018459 3.000000
2.966815 3.000000
2.954476 3.000000
3.020057 3.000000
3.015554 3.000000
2.994778 3.000000
2.941567 3.000000
3.050026 3.000000
2.945889 3.000000
2.999340 3.000000
2.985756 3.000000
3.007011 3.000000
3.011725 3.000000
2.999831 3.000000
2.925720 3.000000
2.981160 3.000000
2.999719 3.000000
3.001670 3.000000
2.984794 3.000000
2.978609 3.000000
2.977105 3.000000
2.977209 3.000000
2.993901 3.000000
2.995873 3.000000
2.983002 3.000000
2.997496 3.000000
3.008264 3.000000
2.977479 3.000000
3.051010 3.000000
2.997036 3.000000
2.954757 3.000000
3.001427 3.000000
2.998950 3.000000
3.069834 3.000000
2.990394 3.000000
3.060104 3.000000
2.974601 3.000000
3.012065 3.000000
3.038708 3.000000
3.006293 3.000000
3.013952 3.000000
3.014836 3.000000
2.965990 3.000000
3.025459 3.000000
3.040883 3.000000
2.955819 3.000000
3.024917 3.000000
3.000150 3.000000
3.006133 3.000000
3.010161 3.000000
2.977935 3.000000
2.981999 3.000000
3.039770 3.000000
3.035066 3.000000
3.035947 3.000000
2.958968 3.000000
2.993384 3.000000
3.026499 3.000000
2.938671 3.000000
3.009556 3.000000
3.044306 3.000000
3.034340 3.000000
2.992118 3.000000
3.026378 3.000000
3.008416 3.000000
2.957076 3.000000
3.020845 3.000000
3.063717 3.000000
2.973119 3.000000
2.983941 3.000000
2.955575 3.000000
2.966718 3.000000
2.989542 3.000000
2.994834 3.000000
2.991088 3.000000
2.951127 3.000000
2.982457 3.000000
3.020806 3.000000
3.007038 3.000000
2.979692 3.000000
3.019166 3.000000
3.034225 3.000000
3.050561 3.000000
3.065652 3.000000
2.962776 3.000000
3.013203 3.000000
3.014086 3.000000
3.003536 3.000000
2.933689 3.000000
2.956294 3.000000
3.041729 3.000000
3.040664 3.000000
2.992605 3.000000
2.967296 3.000000
3.053227 3.000000
2.981653 3.000000
2.977971 3.000000
3.001014 3.000000
2.962566 3.000000
2.951846 3.000000
2.984585 3.000000
3.012887 3.000000
3.009624 3.000000
2.983431 3.000000
2.983268 3.000000
3.001993 3.000000
2.991059 3.000000
3.008446 3.000000
2.950128 3.000000
3.030804 3.000000
3.033467 3.000000
2.982690 3.000000
3.003708 3.000000
3.004299 3.000000
3.013898 3.000000
2.991272 3.000000
3.026741 3.000000
2.927905 3.000000
2.950606 3.000000
2.995049 3.000000
3.005520 3.000000
2.999049 3.000000
2.981174 3.000000
2.979311 3.000000
2.978492 3.000000
2.935168 3.000000
3.043676 3.000000
3.009454 3.000000
2.950252 3.000000
2.953044 3.000000
3.010400 3.000000
2.952757 3.000000
2.965014 3.000000
3.023603 3.000000
2.999203 3.000000
2.964360 3.000000
2.985851 3.000000
2.933811 3.000000
2.968984 3.000000
2.983852 3.000000
3.004273 3.000000
2.985115 3.000000
2.989984 3.000000
2.981513 3.000000
2.981546 3.000000
3.032057 3.000000
2.965114 3.000000
3.004204 3.000000
3.038561 3.000000
2.965955 3.000000
2.993109 3.000000
2.972385 3.000000
2.980711 3.000000
2.971828 3.000000
2.986659 3.000000
3.058309 3.000000
2.985265 3.000000
3.016908 3.000000
2.931374 3.000000
3.010804 3.000000
3.027691 3.000000
2.971763 3.000000
3.000043 3.000000
2.978611 3.000000
3.021845 3.000000
2.994803 3.000000
2.980043 3.000000
3.006072 3.000000
2.992549 3.000000
3.046393 3.000000
2.985866 3.000000
3.028830 3.000000
2.995388 3.000000
2.978918 3.000000
2.991487 3.000000
2.979080 3.000000
3.048657 3.000000
3.015427 3.000000
3.055068 3.000000
2.994622 3.000000
2.997592 3.000000
3.006875 3.000000
3.007188 3.000000
2.994488 3.000000
3.016269 3.000000
3.094448 3.000000
3.014078 3.000000
2.990308 3.000000
2.992388 3.000000
3.014482 3.000000
2.992186 3.000000
2.964843 3.000000
2.972098 3.000000
2.966335 3.000000
2.997738 3.000000
3.062460 3.000000
3.056645 3.000000
2.925654 3.000000
2.967351 3.000000
3.003654 3.000000
3.019361 3.000000
3.055404 3.000000
3.018311 3.000000
2.986833 3.000000
3.003775 3.000000
2.997727 3.000000
2.987643 3.000000
3.008498 3.000000
3.031524 3.000000
2.992796 3.000000
3.012179 3.000000
3.014608 3.000000
3.028296 3.000000
2.959502 3.000000
2.983751 3.000000
2.998101 3.000000
2.992997 3.000000
2.995949 3.000000
2.939355 3.000000
3.047485 3.000000
3.008963 3.000000
2.996370 3.000000
2.983609 3.000000
3.008865 3.000000
2.948469 3.000000
2.995881 3.000000
3.027393 3.000000
3.085536 3.000000
2.973033 3.000000
2.992019 3.000000
2.976591 3.000000
3.024930 3.000000
3.007969 3.000000
3.002638 3.000000
2.961532 3.000000
2.959736 3.000000
2.921162 3.000000
3.042374 3.000000
3.028257 3.000000
3.013544 3.000000
2.961200 3.000000
3.029464 3.000000
2.990157 3.000000
3.034617 3.000000
3.014484 3.000000
3.009107 3.000000
3.010489 3.000000
3.025363 3.000000
3.013028 3.000000
2.961680 3.000000
3.012177 3.000000
2.990115 3.000000
2.987383 3.000000
3.022564 3.000000
2.995524 3.000000
3.019968 3.000000
2.978532 3.000000
3.002877 3.000000
3.004369 3.000000
3.042071 3.000000
2.935466 3.000000
2.988164 3.000000
2.994654 3.000000
2.978017 3.000000
2.980862 3.000000
3.010853 3.000000
3.015588 3.000000
3.004994 3.000000
3.043007 3.000000
2.981905 3.000000
3.029873 3.000000
3.017111 3.000000
3.010979 3.000000
2.991113 3.000000
2.940736 3.000000
3.019311 3.000000
2.984504 3.000000
2.967596 3.000000
3.012055 3.000000
2.998235 3.000000
2.988445 3.000000
2.963746 3.000000
3.014990 3.000000
3.025351 3.000000
2.980511 3.000000
2.958587 3.000000
3.000878 3.000000
3.000705 3.000000
2.980160 3.000000
3.007625 3.000000
2.956976 3.000000
2.988168 3.000000
3.049660 3.000000
2.976465 3.000000
2.993844 3.000000
2.974028 3.000000
3.053656 3.000000
2.996159 3.000000
2.996348 3.000000
3.019442 3.000000
3.014313 3.000000
3.021803 3.000000
2.970922 3.000000
3.062965 3.000000
3.002525 3.000000
2.959692 3.000000
2.980197 3.000000
3.050561 3.000000
3.020127 3.000000
2.966535 3.000000
2.972895 3.000000
3.024586 3.000000
3.057963 3.000000
2.999384 3.000000
2.949682 3.000000
2.998685 3.000000
2.919968 3.000000
2.970682 3.000000
2.971258 3.000000
3.026517 3.000000
2.968482 3.000000
3.014338 3.000000
3.013483 3.000000
3.035734 3.000000
2.989922 3.000000
2.982566 3.000000
3.024802 3.000000
2.995967 3.000000
3.025463 3.000000
2.978145 3.000000
3.012011 3.000000
2.997077 3.000000
2.971376 3.000000
2.974177 3.000000
3.002824 3.000000
3.001414 3.000000
2.947112 3.000000
3.006591 3.000000
2.999790 3.000000
2.991403 3.000000
2.993368 3.000000
3.016857 3.000000
2.980193 3.000000
2.985431 3.000000
3.016248 3.000000
2.882145 3.000000
2.987104 3.000000
2.981216 3.000000
3.004854 3.000000
2.989850 3.000000
3.001350 3.000000
3.052834 3.000000
2.966083 3.000000
3.057649 3.000000
2.989628 3.000000
3.003658 3.000000
2.946756 3.000000
3.009486 3.000000
3.034040 3.000000
3.058532 3.000000
2.968617 3.000000
3.041343 3.000000
3.030512 3.000000
2.954048 3.000000
2.984067 3.000000
3.050250 3.000000
3.015963 3.000000
3.021842 3.000000
3.023326 3.000000
3.009073 3.000000
3.021945 3.000000
2.989340 3.000000
3.015322 3.000000
3.013198 3.000000
3.000545 3.000000
2.993573 3.000000
2.960322 3.000000
2.980539 3.000000
3.019415 3.000000
3.017046 3.000000
2.979914 3.000000
3.025539 3.000000
2.953049 3.000000
2.982707 3.000000
3.032337 3.000000
2.988273 3.000000
3.015459 3.000000
2.996797 3.000000
2.988192 3.000000
2.989050 3.000000
3.000755 3.000000
3.014051 3.000000
3.016470 3.000000
3.040611 3.000000
2.952541 3.000000
3.036833 3.000000
3.067972 3.000000
2.976811 3.000000
3.002021 3.000000
3.009009 3.000000
3.048378 3.000000
3.020708 3.000000
3.041722 3.000000
2.991649 3.000000
2.990572 3.000000
2.953964 3.000000
3.025297 3.000000
2.989270 3.000000
3.027528 3.000000
3.015858 3.000000
2.982027 3.000000
3.016605 3.000000
3.002482 3.000000
3.030945 3.000000
2.974703 3.000000
2.946635 3.000000
3.019391 3.000000
2.976618 3.000000
2.987447 3.000000
3.017070 3.000000
2.967258 3.000000
